7, 	902.690595, 587
8, 	1320.782693, 858
9, 	3231.247371, 2095
10, 	3698.491035, 2401
11, 	3777.100753, 2452
12, 	4532.683304, 2941
13, 	5252.383347, 3408
14, 	5297.972547, 3438
15, 	5345.198707, 3469
16, 	5601.994716, 3637
17, 	6100.470448, 3962
18, 	6189.121399, 4020
19, 	6484.418979, 4212
20, 	6975.826224, 4530
21, 	7323.130672, 4753
22, 	7469.531988, 4848
23, 	8089.936278, 5248
24, 	8314.356087, 5392
25, 	9981.860715, 6482
26, 	11783.472955, 7662
27, 	12234.386871, 7952
28, 	13832.512250, 8980
29, 	13929.180983, 9043
